Time: 0.0000 years
Sun -1.007141e-02 0.000000e+00 0.000000e+00
Mercury 3.769286e-01 0.000000e+00 0.000000e+00
Venus 7.129286e-01 0.000000e+00 0.000000e+00
Earth 9.899286e-01 0.000000e+00 0.000000e+00
Mars 1.513929e+00 0.000000e+00 0.000000e+00
Jupiter 5.192929e+00 0.000000e+00 0.000000e+00
Saturn 9.526929e+00 0.000000e+00 0.000000e+00
Uranus 1.917993e+01 0.000000e+00 0.000000e+00
Neptune 3.005993e+01 0.000000e+00 0.000000e+00

Time: 0.2738 years
Sun -1.000986e-02 -9.091112e-04 0.000000e+00
Mercury 2.035419e-01 1.357180e-01 0.000000e+00
Venus 6.125932e-01 -2.518828e-01 0.000000e+00
Earth -3.675180e-01 2.109927e-01 0.000000e+00
Mars 8.772680e-01 9.481332e-01 0.000000e+00
Jupiter 5.138390e+00 7.508565e-01 0.000000e+00
Saturn 9.510591e+00 5.555894e-01 0.000000e+00
Uranus 1.917590e+01 3.915517e-01 0.000000e+00
Neptune 3.005829e+01 3.126411e-01 0.000000e+00

Time: 0.5476 years
Sun -9.842696e-03 -1.800495e-03 0.000000e+00
Mercury 1.448368e-03 -2.545551e-01 0.000000e+00
Venus 2.984734e-01 -4.054673e-01 0.000000e+00
Earth 9.630447e-01 -1.768508e-01 0.000000e+00
Mars -6.489799e-01 4.098885e-01 0.000000e+00
Jupiter 4.975919e+00 1.485944e+00 0.000000e+00
Saturn 9.461637e+00 1.109287e+00 0.000000e+00
Uranus 1.916381e+01 7.829395e-01 0.000000e+00
Neptune 3.005337e+01 6.252481e-01 0.000000e+00

Time: 0.8214 years
Sun -9.559158e-03 -2.664932e-03 0.000000e+00
Mercury 2.137612e-01 -3.187308e-01 0.000000e+00
Venus -1.932533e-01 -1.648690e-01 0.000000e+00
Earth -1.191756e-01 5.073008e-01 0.000000e+00
Mars 3.404304e-01 -1.055548e+00 0.000000e+00
Jupiter 4.708925e+00 2.189826e+00 0.000000e+00
Saturn 9.380236e+00 1.659206e+00 0.000000e+00
Uranus 1.914368e+01 1.174000e+00 0.000000e+00
Neptune 3.004517e+01 9.377872e-01 0.000000e+00

Time: 1.0951 years
Sun -9.179702e-03 -3.480677e-03 0.000000e+00
Mercury 2.259722e-01 -9.951213e-02 0.000000e+00
Venus 1.193587e-01 3.746512e-01 0.000000e+00
Earth 8.820708e-01 -3.434681e-01 0.000000e+00
Mars 1.429353e+00 -4.060837e-01 0.000000e+00
Jupiter 4.343008e+00 2.847721e+00 0.000000e+00
Saturn 9.266674e+00 2.203469e+00 0.000000e+00
Uranus 1.911550e+01 1.564569e+00 0.000000e+00
Neptune 3.003369e+01 1.250224e+00 0.000000e+00

Time: 1.3689 years
Sun -8.698208e-03 -4.241165e-03 0.000000e+00
Mercury -2.098262e-01 -1.738130e-01 0.000000e+00
Venus 5.321971e-01 2.954958e-01 0.000000e+00
Earth 1.853864e-01 6.177208e-01 0.000000e+00
Mars 1.258825e+00 6.649636e-01 0.000000e+00
Jupiter 3.885845e+00 3.445811e+00 0.000000e+00
Saturn 9.121341e+00 2.740214e+00 0.000000e+00
Uranus 1.907929e+01 1.954482e+00 0.000000e+00
Neptune 3.001893e+01 1.562525e+00 0.000000e+00

Time: 1.6427 years
Sun -8.132199e-03 -4.922971e-03 0.000000e+00
Mercury -1.321190e-01 -3.711194e-01 0.000000e+00
Venus 7.051235e-01 5.418349e-02 0.000000e+00
Earth 7.460726e-01 -4.881176e-01 0.000000e+00
Mars -1.160302e-01 9.367496e-01 0.000000e+00
Jupiter 3.347030e+00 3.971536e+00 0.000000e+00
Saturn 8.944738e+00 3.267602e+00 0.000000e+00
Uranus 1.903507e+01 2.343577e+00 0.000000e+00
Neptune 3.000090e+01 1.874656e+00 0.000000e+00

Time: 1.9165 years
Sun -7.487100e-03 -5.527854e-03 0.000000e+00
Mercury 6.581293e-02 -2.216382e-01 0.000000e+00
Venus 6.684607e-01 -2.080012e-01 0.000000e+00
Earth 4.578438e-01 6.050571e-01 0.000000e+00
Mars -2.809984e-01 -8.520792e-01 0.000000e+00
Jupiter 2.737866e+00 4.413850e+00 0.000000e+00
Saturn 8.737469e+00 3.783824e+00 0.000000e+00
Uranus 1.898285e+01 2.731690e+00 0.000000e+00
Neptune 2.997960e+01 2.186582e+00 0.000000e+00

Time: 2.1903 years
Sun -6.779052e-03 -6.034382e-03 0.000000e+00
Mercury -2.852826e-01 4.546615e-02 0.000000e+00
Venus 4.255329e-01 -4.023764e-01 0.000000e+00
Earth 5.539897e-01 -5.952900e-01 0.000000e+00
Mars 1.175176e+00 -7.625739e-01 0.000000e+00
Jupiter 2.071138e+00 4.763457e+00 0.000000e+00
Saturn 8.500239e+00 4.287103e+00 0.000000e+00
Uranus 1.892266e+01 3.118659e+00 0.000000e+00
Neptune 2.995502e+01 2.498271e+00 0.000000e+00

Time: 2.4641 years
Sun -6.019792e-03 -6.448917e-03 0.000000e+00
Mercury -3.721723e-01 -1.246445e-01 0.000000e+00
Venus -3.006586e-02 -3.501984e-01 0.000000e+00
Earth 6.767965e-01 5.180641e-01 0.000000e+00
Mars 1.472030e+00 2.904111e-01 0.000000e+00
Jupiter 1.360837e+00 5.013002e+00 0.000000e+00
Saturn 8.233855e+00 4.775708e+00 0.000000e+00
Uranus 1.885453e+01 3.504319e+00 0.000000e+00
Neptune 2.992717e+01 2.809687e+00 0.000000e+00

Time: 2.7379 years
Sun -5.223802e-03 -6.752679e-03 0.000000e+00
Mercury -1.020920e-01 -1.848241e-01 0.000000e+00
Venus -5.753991e-02 2.844498e-01 0.000000e+00
Earth 3.068369e-01 -6.414877e-01 0.000000e+00
Mars 5.014272e-01 1.041744e+00 0.000000e+00
Jupiter 6.218763e-01 5.157226e+00 0.000000e+00
Saturn 7.939222e+00 5.247953e+00 0.000000e+00
Uranus 1.877847e+01 3.888510e+00 0.000000e+00
Neptune 2.989606e+01 3.120798e+00 0.000000e+00

Time: 3.0116 years
Sun -4.410830e-03 -6.952307e-03 0.000000e+00
Mercury -1.466549e-01 2.585032e-01 0.000000e+00
Venus 4.413100e-01 3.231712e-01 0.000000e+00
Earth 8.387463e-01 3.858824e-01 0.000000e+00
Mars -7.132035e-01 -2.054294e-01 0.000000e+00
Jupiter -1.302283e-01 5.193078e+00 0.000000e+00
Saturn 7.617341e+00 5.702209e+00 0.000000e+00
Uranus 1.869452e+01 4.271069e+00 0.000000e+00
Neptune 2.986169e+01 3.431568e+00 0.000000e+00

Time: 3.2854 years
Sun -3.588549e-03 -7.035462e-03 0.000000e+00
Mercury -3.142938e-01 2.142609e-01 0.000000e+00
Venus 6.816990e-01 9.947727e-02 0.000000e+00
Earth 1.542583e-02 -5.882512e-01 0.000000e+00
Mars 7.535135e-01 -1.006333e+00 0.000000e+00
Jupiter -8.796767e-01 5.119781e+00 0.000000e+00
Saturn 7.269305e+00 6.136903e+00 0.000000e+00
Uranus 1.860272e+01 4.651836e+00 0.000000e+00
Neptune 2.982406e+01 3.741964e+00 0.000000e+00

Time: 3.5592 years
Sun -2.780738e-03 -7.015517e-03 0.000000e+00
Mercury -1.699704e-01 -5.820294e-02 0.000000e+00
Venus 7.007351e-01 -1.664339e-01 0.000000e+00
Earth 9.442170e-01 2.270669e-01 0.000000e+00
Mars 1.514889e+00 -1.178232e-01 0.000000e+00
Jupiter -1.610718e+00 4.938844e+00 0.000000e+00
Saturn 6.896296e+00 6.550530e+00 0.000000e+00
Uranus 1.850311e+01 5.030651e+00 0.000000e+00
Neptune 2.978317e+01 4.051952e+00 0.000000e+00

Time: 3.8330 years
Sun -1.990572e-03 -6.885870e-03 0.000000e+00
Mercury 1.252419e-01 2.837613e-01 0.000000e+00
Venus 5.181362e-01 -3.844867e-01 0.000000e+00
Earth -2.711122e-01 -3.756606e-01 0.000000e+00
Mars 1.003331e+00 8.796105e-01 0.000000e+00
Jupiter -2.307978e+00 4.654042e+00 0.000000e+00
Saturn 6.499582e+00 6.941652e+00 0.000000e+00
Uranus 1.839572e+01 5.407353e+00 0.000000e+00
Neptune 2.973903e+01 4.361498e+00 0.000000e+00

Time: 4.1068 years
Sun -1.246316e-03 -6.658878e-03 0.000000e+00
Mercury -9.562126e-03 3.699293e-01 0.000000e+00
Venus 1.314529e-01 -4.319029e-01 0.000000e+00
Earth 9.943863e-01 5.474606e-02 0.000000e+00
Mars -5.305365e-01 5.917371e-01 0.000000e+00
Jupiter -2.956785e+00 4.271330e+00 0.000000e+00
Saturn 6.080516e+00 7.308910e+00 0.000000e+00
Uranus 1.828060e+01 5.781783e+00 0.000000e+00
Neptune 2.969165e+01 4.670569e+00 0.000000e+00

Time: 4.3806 years
Sun -5.477311e-04 -6.338220e-03 0.000000e+00
Mercury -1.348356e-01 4.954083e-02 0.000000e+00
Venus -2.079918e-01 7.754740e-02 0.000000e+00
Earth -3.980419e-01 1.939541e-02 0.000000e+00
Mars 1.849915e-01 -1.042081e+00 0.000000e+00
Jupiter -3.543476e+00 3.798727e+00 0.000000e+00
Saturn 5.640525e+00 7.651022e+00 0.000000e+00
Uranus 1.815780e+01 6.153785e+00 0.000000e+00
Neptune 2.964103e+01 4.979130e+00 0.000000e+00

Time: 4.6543 years
Sun 7.507501e-05 -5.933390e-03 0.000000e+00
Mercury 3.220647e-01 7.781035e-02 0.000000e+00
Venus 3.214045e-01 3.432500e-01 0.000000e+00
Earth 9.900678e-01 -1.205943e-01 0.000000e+00
Mars 1.386417e+00 -5.116211e-01 0.000000e+00
Jupiter -4.055686e+00 3.246145e+00 0.000000e+00
Saturn 5.181111e+00 7.966791e+00 0.000000e+00
Uranus 1.802736e+01 6.523202e+00 0.000000e+00
Neptune 2.958717e+01 5.287148e+00 0.000000e+00

Time: 4.9281 years
Sun 6.309084e-04 -5.456342e-03 0.000000e+00
Mercury 2.879000e-01 2.253154e-01 0.000000e+00
Venus 6.398312e-01 1.486356e-01 0.000000e+00
Earth -2.321432e-01 3.977816e-01 0.000000e+00
Mars 1.341621e+00 5.692007e-01 0.000000e+00
Jupiter -4.482611e+00 2.625189e+00 0.000000e+00
Saturn 4.703843e+00 8.255109e+00 0.000000e+00
Uranus 1.788935e+01 6.889876e+00 0.000000e+00
Neptune 2.953009e+01 5.594589e+00 0.000000e+00

Time: 5.2019 years
Sun 1.095735e-03 -4.914125e-03 0.000000e+00
Mercury -8.091658e-02 6.626368e-02 0.000000e+00
Venus 7.155893e-01 -1.195658e-01 0.000000e+00
Earth 9.312604e-01 -2.893607e-01 0.000000e+00
Mars 6.273735e-02 1.000233e+00 0.000000e+00
Jupiter -4.815234e+00 1.948907e+00 0.000000e+00
Saturn 4.210357e+00 8.514962e+00 0.000000e+00
Uranus 1.774382e+01 7.253655e+00 0.000000e+00
Neptune 2.946978e+01 5.901420e+00 0.000000e+00

Time: 5.4757 years
Sun 1.474679e-03 -4.328159e-03 0.000000e+00
Mercury 2.811150e-01 -2.135377e-01 0.000000e+00
Venus 5.874550e-01 -3.560551e-01 0.000000e+00
Earth 6.880798e-02 5.842156e-01 0.000000e+00
Mars -4.261758e-01 -7.222623e-01 0.000000e+00
Jupiter -5.046520e+00 1.231524e+00 0.000000e+00
Saturn 3.702343e+00 8.745430e+00 0.000000e+00
Uranus 1.759083e+01 7.614383e+00 0.000000e+00
Neptune 2.940625e+01 6.207608e+00 0.000000e+00

Time: 5.7495 years
Sun 1.751392e-03 -3.703760e-03 0.000000e+00
Mercury 3.489646e-01 -8.486365e-02 0.000000e+00
Venus 2.645179e-01 -4.643750e-01 0.000000e+00
Earth 8.174103e-01 -4.408263e-01 0.000000e+00
Mars 1.085826e+00 -8.403490e-01 0.000000e+00
Jupiter -5.171568e+00 4.881376e-01 0.000000e+00
Saturn 3.181544e+00 8.945695e+00 0.000000e+00
Uranus 1.743044e+01 7.971909e+00 0.000000e+00
Neptune 2.933951e+01 6.513118e+00 0.000000e+00

Time: 6.0233 years
Sun 1.932146e-03 -3.068034e-03 0.000000e+00
Mercury -7.605885e-02 5.593131e-02 0.000000e+00
Venus -1.880889e-01 -1.867906e-01 0.000000e+00
Earth 3.611702e-01 6.174369e-01 0.000000e+00
Mars 1.507627e+00 1.845798e-01 0.000000e+00
Jupiter -5.187714e+00 -2.655968e-01 0.000000e+00
Saturn 2.649753e+00 9.115042e+00 0.000000e+00
Uranus 1.726271e+01 8.326083e+00 0.000000e+00
Neptune 2.926957e+01 6.817917e+00 0.000000e+00

Time: 6.2971 years
Sun 2.007819e-03 -2.422124e-03 0.000000e+00
Mercury 1.090942e-02 -3.648067e-01 0.000000e+00
Venus 1.641492e-01 3.405330e-01 0.000000e+00
Earth 6.477289e-01 -5.616516e-01 0.000000e+00
Mars 6.577572e-01 1.022374e+00 0.000000e+00
Jupiter -5.094593e+00 -1.013799e+00 0.000000e+00
Saturn 2.108798e+00 9.252860e+00 0.000000e+00
Uranus 1.708773e+01 8.676753e+00 0.000000e+00
Neptune 2.919644e+01 7.121972e+00 0.000000e+00

Time: 6.5708 years
Sun 1.984619e-03 -1.791949e-03 0.000000e+00
Mercury 1.476019e-01 -3.112981e-01 0.000000e+00
Venus 5.747590e-01 1.997176e-01 0.000000e+00
Earth 6.032516e-01 5.575738e-01 0.000000e+00
Mars -7.263690e-01 2.768428e-02 0.000000e+00
Jupiter -4.894146e+00 -1.740699e+00 0.000000e+00
Saturn 1.560547e+00 9.358647e+00 0.000000e+00
Uranus 1.690555e+01 9.023772e+00 0.000000e+00
Neptune 2.912012e+01 7.425250e+00 0.000000e+00

Time: 6.8446 years
Sun 1.865265e-03 -1.180049e-03 0.000000e+00
Mercury -9.025005e-02 8.244409e-02 0.000000e+00
Venus 7.112595e-01 -6.848008e-02 0.000000e+00
Earth 4.223988e-01 -6.328583e-01 0.000000e+00
Mars 6.176695e-01 -1.036230e+00 0.000000e+00
Jupiter -4.590580e+00 -2.430971e+00 0.000000e+00
Saturn 1.006892e+00 9.432011e+00 0.000000e+00
Uranus 1.671626e+01 9.366993e+00 0.000000e+00
Neptune 2.904061e+01 7.727718e+00 0.000000e+00

Time: 7.1184 years
Sun 1.654066e-03 -6.147717e-04 0.000000e+00
Mercury -2.867715e-01 -2.368147e-01 0.000000e+00
Venus 6.350965e-01 -3.209212e-01 0.000000e+00
Earth 7.871311e-01 4.416817e-01 0.000000e+00
Mars 1.500810e+00 -2.219042e-01 0.000000e+00
Jupiter -4.190286e+00 -3.070063e+00 0.000000e+00
Saturn 4.497478e-01 9.472673e+00 0.000000e+00
Uranus 1.651992e+01 9.706271e+00 0.000000e+00
Neptune 2.895794e+01 8.029343e+00 0.000000e+00

Time: 7.3922 years
Sun 1.363328e-03 -9.552916e-05 0.000000e+00
Mercury -1.404001e-01 -2.914104e-01 0.000000e+00
Venus 3.692773e-01 -4.720984e-01 0.000000e+00
Earth 1.467791e-01 -6.244328e-01 0.000000e+00
Mars 1.114087e+00 8.127880e-01 0.000000e+00
Jupiter -3.701695e+00 -3.644498e+00 0.000000e+00
Saturn -1.089546e-01 9.480465e+00 0.000000e+00
Uranus 1.631664e+01 1.004146e+01 0.000000e+00
Neptune 2.887211e+01 8.330091e+00 0.000000e+00

Time: 7.6660 years
Sun 9.950370e-04 3.537433e-04 0.000000e+00
Mercury -5.396996e-02 1.543574e-01 0.000000e+00
Venus -6.153197e-02 -3.585028e-01 0.000000e+00
Earth 9.131138e-01 2.921298e-01 0.000000e+00
Mars -3.872498e-01 7.546915e-01 0.000000e+00
Jupiter -3.135107e+00 -4.142169e+00 0.000000e+00
Saturn -6.672772e-01 9.455334e+00 0.000000e+00
Uranus 1.610647e+01 1.037242e+01 0.000000e+00
Neptune 2.878312e+01 8.629930e+00 0.000000e+00

Time: 7.9398 years
Sun 5.673258e-04 7.338068e-04 0.000000e+00
Mercury -3.699012e-01 8.607487e-02 0.000000e+00
Venus -3.432576e-02 2.762095e-01 0.000000e+00
Earth -1.530740e-01 -4.866079e-01 0.000000e+00
Mars 1.582894e-02 -9.917383e-01 0.000000e+00
Jupiter -2.502469e+00 -4.552591e+00 0.000000e+00
Saturn -1.223280e+00 9.397342e+00 0.000000e+00
Uranus 1.588953e+01 1.069902e+01 0.000000e+00
Neptune 2.869099e+01 8.928826e+00 0.000000e+00

Time: 8.2136 years
Sun 8.036972e-05 1.028700e-03 0.000000e+00
Mercury -2.945587e-01 -6.966286e-02 0.000000e+00
Venus 4.814464e-01 2.486988e-01 0.000000e+00
Earth 9.827588e-01 1.236201e-01 0.000000e+00
Mars 1.321306e+00 -6.036911e-01 0.000000e+00
Jupiter -1.817121e+00 -4.867124e+00 0.000000e+00
Saturn -1.775028e+00 9.306666e+00 0.000000e+00
Uranus 1.566589e+01 1.102110e+01 0.000000e+00
Neptune 2.859572e+01 9.226749e+00 0.000000e+00

Time: 8.4873 years
Sun -4.358258e-04 1.238240e-03 0.000000e+00
Mercury 6.652476e-02 1.922192e-01 0.000000e+00
Venus 6.875117e-01 -1.493712e-02 0.000000e+00
Earth -3.767406e-01 -1.627571e-01 0.000000e+00
Mars 1.402061e+00 4.753996e-01 0.000000e+00
Jupiter -1.093511e+00 -5.079157e+00 0.000000e+00
Saturn -2.320599e+00 9.183595e+00 0.000000e+00
Uranus 1.543564e+01 1.133854e+01 0.000000e+00
Neptune 2.849733e+01 9.523663e+00 0.000000e+00

Time: 8.7611 years
Sun -9.829979e-04 1.354097e-03 0.000000e+00
Mercury -1.612473e-01 3.511607e-01 0.000000e+00
Venus 6.639496e-01 -2.820730e-01 0.000000e+00
Earth 9.974414e-01 -5.229165e-02 0.000000e+00
Mars 2.302432e-01 1.042514e+00 0.000000e+00
Jupiter -3.468926e-01 -5.184245e+00 0.000000e+00
Saturn -2.858088e+00 9.028535e+00 0.000000e+00
Uranus 1.519889e+01 1.165120e+01 0.000000e+00
Neptune 2.839583e+01 9.819538e+00 0.000000e+00

Time: 9.0349 years
Sun -1.531080e-03 1.374997e-03 0.000000e+00
Mercury -2.262651e-01 1.646677e-01 0.000000e+00
Venus 4.508163e-01 -4.669162e-01 0.000000e+00
Earth -3.354849e-01 2.586016e-01 0.000000e+00
Mars -5.641023e-01 -5.510457e-01 0.000000e+00
Jupiter 4.070058e-01 -5.180204e+00 0.000000e+00
Saturn -3.385617e+00 8.842001e+00 0.000000e+00
Uranus 1.495573e+01 1.195895e+01 0.000000e+00
Neptune 2.829123e+01 1.011434e+01 0.000000e+00

Time: 9.3087 years
Sun -2.082211e-03 1.302413e-03 0.000000e+00
Mercury 2.105439e-01 1.059330e-01 0.000000e+00
Venus 6.972588e-02 -4.546705e-01 0.000000e+00
Earth 9.579587e-01 -2.256083e-01 0.000000e+00
Mars 9.704205e-01 -9.067651e-01 0.000000e+00
Jupiter 1.152310e+00 -5.067151e+00 0.000000e+00
Saturn -3.901339e+00 8.624622e+00 0.000000e+00
Uranus 1.470626e+01 1.226165e+01 0.000000e+00
Neptune 2.818353e+01 1.040804e+01 0.000000e+00

Time: 9.5825 years
Sun -2.606515e-03 1.131488e-03 0.000000e+00
Mercury 1.779075e-01 3.430849e-01 0.000000e+00
Venus -2.107993e-01 7.821068e-02 0.000000e+00
Earth -6.683559e-02 5.294641e-01 0.000000e+00
Mars 1.518207e+00 7.680564e-02 0.000000e+00
Jupiter 1.873336e+00 -4.847502e+00 0.000000e+00
Saturn -4.403447e+00 8.377134e+00 0.000000e+00
Uranus 1.445059e+01 1.255918e+01 0.000000e+00
Neptune 2.807276e+01 1.070060e+01 0.000000e+00

Time: 9.8563 years
Sun -3.104650e-03 8.777994e-04 0.000000e+00
Mercury -2.887500e-02 2.483138e-01 0.000000e+00
Venus 3.548571e-01 2.883657e-01 0.000000e+00
Earth 8.644726e-01 -3.861640e-01 0.000000e+00
Mars 7.924487e-01 9.850282e-01 0.000000e+00
Jupiter 2.554925e+00 -4.525918e+00 0.000000e+00
Saturn -4.890178e+00 8.100381e+00 0.000000e+00
Uranus 1.418881e+01 1.285142e+01 0.000000e+00
Neptune 2.795892e+01 1.099199e+01 0.000000e+00

